===============================================================================
 Language            Files        Lines         Code     Comments       Blanks
===============================================================================
 JSON                    3         2537         2537            0            0
 JSX                    49         2460         2178            2          280
 TeX                    16         1407         1057            1          349
 JavaScript             13          631          570            6           55
 YAML                    2          426          388           15           23
 Sass                    3           63           55            2            6
 HTML                    1           24           21            1            2
 SVG                     2           20           20            0            0
 Dockerfile              1           32           11           11           10
 CSS                     1           68            9           52            7
 Markdown                2           37            0           28            9
===============================================================================
 Total                  94         7705         6846          118          741
===============================================================================
